# GENERATED by tools/uiexport.py from the uibaseglyphs.py recipes - do not edit by hand.
set glyphs
icon check 16 16
L 3 8.6 6.4 12 2.6 FAE4B4FF 1
L 6.4 12 13 4.4 2.6 FAE4B4FF 1
icon check-faint 16 16
L 3 8.6 6.4 12 2.6 FAE4B46E 1
L 6.4 12 13 4.4 2.6 FAE4B46E 1
icon cross 16 16
L 4 4 12 12 2.6 E2402CFF 1
L 12 4 4 12 2.6 E2402CFF 1
icon cross-faint 16 16
L 4 4 12 12 2.6 E2402C6E 1
L 12 4 4 12 2.6 E2402C6E 1
icon speaker 16 16
P FAE4B4FF 1.6 6.2 3.8 6.2 6.8 3.2 6.8 12.8 3.8 9.8 1.6 9.8
L 1.6 6.2 3.8 6.2 1 FAE4B4FF 1
L 3.8 6.2 6.8 3.2 1 FAE4B4FF 1
L 6.8 3.2 6.8 12.8 1 FAE4B4FF 1
L 6.8 12.8 3.8 9.8 1 FAE4B4FF 1
L 3.8 9.8 1.6 9.8 1 FAE4B4FF 1
L 1.6 9.8 1.6 6.2 1 FAE4B4FF 1
L 9.201 5.658 9.515 6.063 1.6 FAE4B4FF 1
L 9.515 6.063 9.767 6.51 1.6 FAE4B4FF 1
L 9.767 6.51 9.951 6.988 1.6 FAE4B4FF 1
L 9.951 6.988 10.062 7.489 1.6 FAE4B4FF 1
L 10.062 7.489 10.1 8 1.6 FAE4B4FF 1
L 10.1 8 10.062 8.511 1.6 FAE4B4FF 1
L 10.062 8.511 9.951 9.012 1.6 FAE4B4FF 1
L 9.951 9.012 9.767 9.49 1.6 FAE4B4FF 1
L 9.767 9.49 9.515 9.937 1.6 FAE4B4FF 1
L 9.515 9.937 9.201 10.342 1.6 FAE4B4FF 1
L 11.254 3.18 11.906 3.909 1.6 FAE4B4FF 1
L 11.906 3.909 12.444 4.724 1.6 FAE4B4FF 1
L 12.444 4.724 12.859 5.609 1.6 FAE4B4FF 1
L 12.859 5.609 13.14 6.545 1.6 FAE4B4FF 1
L 13.14 6.545 13.282 7.511 1.6 FAE4B4FF 1
L 13.282 7.511 13.282 8.489 1.6 FAE4B4FF 1
L 13.282 8.489 13.14 9.455 1.6 FAE4B4FF 1
L 13.14 9.455 12.859 10.391 1.6 FAE4B4FF 1
L 12.859 10.391 12.444 11.276 1.6 FAE4B4FF 1
L 12.444 11.276 11.906 12.091 1.6 FAE4B4FF 1
L 11.906 12.091 11.254 12.82 1.6 FAE4B4FF 1
icon speaker-muted 16 16
P FAE4B4FF 1.6 6.2 3.8 6.2 6.8 3.2 6.8 12.8 3.8 9.8 1.6 9.8
L 1.6 6.2 3.8 6.2 1 FAE4B4FF 1
L 3.8 6.2 6.8 3.2 1 FAE4B4FF 1
L 6.8 3.2 6.8 12.8 1 FAE4B4FF 1
L 6.8 12.8 3.8 9.8 1 FAE4B4FF 1
L 3.8 9.8 1.6 9.8 1 FAE4B4FF 1
L 1.6 9.8 1.6 6.2 1 FAE4B4FF 1
L 10 5.8 14 10.2 1.9 E2402CFF 1
L 14 5.8 10 10.2 1.9 E2402CFF 1
icon arrow-up 16 16
P FAE4B4FF 8 4.6 13 10.6 3 10.6
L 8 4.6 13 10.6 1.2 FAE4B4FF 1
L 13 10.6 3 10.6 1.2 FAE4B4FF 1
L 3 10.6 8 4.6 1.2 FAE4B4FF 1
icon arrow-down 16 16
P FAE4B4FF 8 11.4 13 5.4 3 5.4
L 8 11.4 13 5.4 1.2 FAE4B4FF 1
L 13 5.4 3 5.4 1.2 FAE4B4FF 1
L 3 5.4 8 11.4 1.2 FAE4B4FF 1
icon arrow-left 16 16
P FAE4B4FF 4.6 8 10.6 13 10.6 3
L 4.6 8 10.6 13 1.2 FAE4B4FF 1
L 10.6 13 10.6 3 1.2 FAE4B4FF 1
L 10.6 3 4.6 8 1.2 FAE4B4FF 1
icon arrow-right 16 16
P FAE4B4FF 11.4 8 5.4 13 5.4 3
L 11.4 8 5.4 13 1.2 FAE4B4FF 1
L 5.4 13 5.4 3 1.2 FAE4B4FF 1
L 5.4 3 11.4 8 1.2 FAE4B4FF 1
icon play 16 16
P FAE4B4FF 5 3.2 12.6 8 5 12.8
L 5 3.2 12.6 8 1.2 FAE4B4FF 1
L 12.6 8 5 12.8 1.2 FAE4B4FF 1
L 5 12.8 5 3.2 1.2 FAE4B4FF 1
icon pause 16 16
R 3.8 3.2 3.2 9.6 0.8 - - - - FAE4B4FF - 1
R 9 3.2 3.2 9.6 0.8 - - - - FAE4B4FF - 1
icon stop 16 16
R 3.6 3.6 8.8 8.8 1.2 - - - - FAE4B4FF - 1
icon next 16 16
P FAE4B4FF 3.4 3.6 10 8 3.4 12.4
L 3.4 3.6 10 8 1.2 FAE4B4FF 1
L 10 8 3.4 12.4 1.2 FAE4B4FF 1
L 3.4 12.4 3.4 3.6 1.2 FAE4B4FF 1
R 10.4 3.2 2.6 9.6 0.7 - - - - FAE4B4FF - 1
icon prev 16 16
P FAE4B4FF 12.6 3.6 6 8 12.6 12.4
L 12.6 3.6 6 8 1.2 FAE4B4FF 1
L 6 8 12.6 12.4 1.2 FAE4B4FF 1
L 12.6 12.4 12.6 3.6 1.2 FAE4B4FF 1
R 3 3.2 2.6 9.6 0.7 - - - - FAE4B4FF - 1
icon fastforward 16 16
P FAE4B4FF 2.2 4 8 8 2.2 12
L 2.2 4 8 8 1.2 FAE4B4FF 1
L 8 8 2.2 12 1.2 FAE4B4FF 1
L 2.2 12 2.2 4 1.2 FAE4B4FF 1
P FAE4B4FF 8.4 4 14.2 8 8.4 12
L 8.4 4 14.2 8 1.2 FAE4B4FF 1
L 14.2 8 8.4 12 1.2 FAE4B4FF 1
L 8.4 12 8.4 4 1.2 FAE4B4FF 1
icon reload 16 16
L 12.511 10.042 12.231 10.667 2 FAE4B4FF 1
L 12.231 10.667 11.865 11.246 2 FAE4B4FF 1
L 11.865 11.246 11.421 11.767 2 FAE4B4FF 1
L 11.421 11.767 10.907 12.22 2 FAE4B4FF 1
L 10.907 12.22 10.334 12.594 2 FAE4B4FF 1
L 10.334 12.594 9.713 12.884 2 FAE4B4FF 1
L 9.713 12.884 9.057 13.082 2 FAE4B4FF 1
L 9.057 13.082 8.38 13.185 2 FAE4B4FF 1
L 8.38 13.185 7.696 13.19 2 FAE4B4FF 1
L 7.696 13.19 7.017 13.098 2 FAE4B4FF 1
L 7.017 13.098 6.358 12.911 2 FAE4B4FF 1
L 6.358 12.911 5.733 12.631 2 FAE4B4FF 1
L 5.733 12.631 5.154 12.265 2 FAE4B4FF 1
L 5.154 12.265 4.633 11.821 2 FAE4B4FF 1
L 4.633 11.821 4.18 11.307 2 FAE4B4FF 1
L 4.18 11.307 3.806 10.734 2 FAE4B4FF 1
L 3.806 10.734 3.516 10.113 2 FAE4B4FF 1
L 3.516 10.113 3.318 9.457 2 FAE4B4FF 1
L 3.318 9.457 3.215 8.78 2 FAE4B4FF 1
L 3.215 8.78 3.21 8.096 2 FAE4B4FF 1
L 3.21 8.096 3.302 7.417 2 FAE4B4FF 1
L 3.302 7.417 3.489 6.758 2 FAE4B4FF 1
L 3.489 6.758 3.769 6.133 2 FAE4B4FF 1
L 3.769 6.133 4.135 5.554 2 FAE4B4FF 1
L 4.135 5.554 4.579 5.033 2 FAE4B4FF 1
L 4.579 5.033 5.093 4.58 2 FAE4B4FF 1
L 5.093 4.58 5.666 4.206 2 FAE4B4FF 1
L 5.666 4.206 6.287 3.916 2 FAE4B4FF 1
L 6.287 3.916 6.943 3.718 2 FAE4B4FF 1
L 6.943 3.718 7.62 3.615 2 FAE4B4FF 1
L 7.62 3.615 8.304 3.61 2 FAE4B4FF 1
L 8.304 3.61 8.983 3.702 2 FAE4B4FF 1
L 8.983 3.702 9.642 3.889 2 FAE4B4FF 1
P FAE4B4FF 12.179 4.813 8.718 6.427 10.565 1.352
L 12.179 4.813 8.718 6.427 0.8 FAE4B4FF 1
L 8.718 6.427 10.565 1.352 0.8 FAE4B4FF 1
L 10.565 1.352 12.179 4.813 0.8 FAE4B4FF 1
icon spinner-0 16 16
G 8 8 5.2 2.2 B28E6696
L 8 2.8 8.754 2.855 2.4 FFD678FF 1
L 8.754 2.855 9.491 3.018 2.4 FFD678FF 1
L 9.491 3.018 10.198 3.287 2.4 FFD678FF 1
L 10.198 3.287 10.857 3.655 2.4 FFD678FF 1
L 10.857 3.655 11.457 4.115 2.4 FFD678FF 1
L 11.457 4.115 11.983 4.658 2.4 FFD678FF 1
L 11.983 4.658 12.426 5.27 2.4 FFD678FF 1
L 12.426 5.27 12.775 5.94 2.4 FFD678FF 1
L 12.775 5.94 13.023 6.654 2.4 FFD678FF 1
L 13.023 6.654 13.165 7.396 2.4 FFD678FF 1
L 13.165 7.396 13.198 8.151 2.4 FFD678FF 1
L 13.198 8.151 13.121 8.903 2.4 FFD678FF 1
icon spinner-1 16 16
G 8 8 5.2 2.2 B28E6696
L 10.6 3.497 11.225 3.921 2.4 FFD678FF 1
L 11.225 3.921 11.782 4.432 2.4 FFD678FF 1
L 11.782 4.432 12.26 5.017 2.4 FFD678FF 1
L 12.26 5.017 12.647 5.666 2.4 FFD678FF 1
L 12.647 5.666 12.936 6.364 2.4 FFD678FF 1
L 12.936 6.364 13.121 7.097 2.4 FFD678FF 1
L 13.121 7.097 13.198 7.849 2.4 FFD678FF 1
L 13.198 7.849 13.165 8.604 2.4 FFD678FF 1
L 13.165 8.604 13.023 9.346 2.4 FFD678FF 1
L 13.023 9.346 12.775 10.06 2.4 FFD678FF 1
L 12.775 10.06 12.426 10.73 2.4 FFD678FF 1
L 12.426 10.73 11.983 11.342 2.4 FFD678FF 1
icon spinner-2 16 16
G 8 8 5.2 2.2 B28E6696
L 12.503 5.4 12.833 6.08 2.4 FFD678FF 1
L 12.833 6.08 13.06 6.801 2.4 FFD678FF 1
L 13.06 6.801 13.18 7.547 2.4 FFD678FF 1
L 13.18 7.547 13.191 8.302 2.4 FFD678FF 1
L 13.191 8.302 13.093 9.052 2.4 FFD678FF 1
L 13.093 9.052 12.886 9.779 2.4 FFD678FF 1
L 12.886 9.779 12.577 10.468 2.4 FFD678FF 1
L 12.577 10.468 12.171 11.105 2.4 FFD678FF 1
L 12.171 11.105 11.677 11.677 2.4 FFD678FF 1
L 11.677 11.677 11.105 12.171 2.4 FFD678FF 1
L 11.105 12.171 10.468 12.577 2.4 FFD678FF 1
L 10.468 12.577 9.779 12.886 2.4 FFD678FF 1
icon spinner-3 16 16
G 8 8 5.2 2.2 B28E6696
L 13.2 8 13.145 8.754 2.4 FFD678FF 1
L 13.145 8.754 12.982 9.491 2.4 FFD678FF 1
L 12.982 9.491 12.713 10.198 2.4 FFD678FF 1
L 12.713 10.198 12.345 10.857 2.4 FFD678FF 1
L 12.345 10.857 11.885 11.457 2.4 FFD678FF 1
L 11.885 11.457 11.342 11.983 2.4 FFD678FF 1
L 11.342 11.983 10.73 12.426 2.4 FFD678FF 1
L 10.73 12.426 10.06 12.775 2.4 FFD678FF 1
L 10.06 12.775 9.346 13.023 2.4 FFD678FF 1
L 9.346 13.023 8.604 13.165 2.4 FFD678FF 1
L 8.604 13.165 7.849 13.198 2.4 FFD678FF 1
L 7.849 13.198 7.097 13.121 2.4 FFD678FF 1
icon spinner-4 16 16
G 8 8 5.2 2.2 B28E6696
L 12.503 10.6 12.079 11.225 2.4 FFD678FF 1
L 12.079 11.225 11.568 11.782 2.4 FFD678FF 1
L 11.568 11.782 10.983 12.26 2.4 FFD678FF 1
L 10.983 12.26 10.334 12.647 2.4 FFD678FF 1
L 10.334 12.647 9.636 12.936 2.4 FFD678FF 1
L 9.636 12.936 8.903 13.121 2.4 FFD678FF 1
L 8.903 13.121 8.151 13.198 2.4 FFD678FF 1
L 8.151 13.198 7.396 13.165 2.4 FFD678FF 1
L 7.396 13.165 6.654 13.023 2.4 FFD678FF 1
L 6.654 13.023 5.94 12.775 2.4 FFD678FF 1
L 5.94 12.775 5.27 12.426 2.4 FFD678FF 1
L 5.27 12.426 4.658 11.983 2.4 FFD678FF 1
icon spinner-5 16 16
G 8 8 5.2 2.2 B28E6696
L 10.6 12.503 9.92 12.833 2.4 FFD678FF 1
L 9.92 12.833 9.199 13.06 2.4 FFD678FF 1
L 9.199 13.06 8.453 13.18 2.4 FFD678FF 1
L 8.453 13.18 7.698 13.191 2.4 FFD678FF 1
L 7.698 13.191 6.948 13.093 2.4 FFD678FF 1
L 6.948 13.093 6.221 12.886 2.4 FFD678FF 1
L 6.221 12.886 5.532 12.577 2.4 FFD678FF 1
L 5.532 12.577 4.895 12.171 2.4 FFD678FF 1
L 4.895 12.171 4.323 11.677 2.4 FFD678FF 1
L 4.323 11.677 3.829 11.105 2.4 FFD678FF 1
L 3.829 11.105 3.423 10.468 2.4 FFD678FF 1
L 3.423 10.468 3.114 9.779 2.4 FFD678FF 1
icon spinner-6 16 16
G 8 8 5.2 2.2 B28E6696
L 8 13.2 7.246 13.145 2.4 FFD678FF 1
L 7.246 13.145 6.509 12.982 2.4 FFD678FF 1
L 6.509 12.982 5.802 12.713 2.4 FFD678FF 1
L 5.802 12.713 5.143 12.345 2.4 FFD678FF 1
L 5.143 12.345 4.543 11.885 2.4 FFD678FF 1
L 4.543 11.885 4.017 11.342 2.4 FFD678FF 1
L 4.017 11.342 3.574 10.73 2.4 FFD678FF 1
L 3.574 10.73 3.225 10.06 2.4 FFD678FF 1
L 3.225 10.06 2.977 9.346 2.4 FFD678FF 1
L 2.977 9.346 2.835 8.604 2.4 FFD678FF 1
L 2.835 8.604 2.802 7.849 2.4 FFD678FF 1
L 2.802 7.849 2.879 7.097 2.4 FFD678FF 1
icon spinner-7 16 16
G 8 8 5.2 2.2 B28E6696
L 5.4 12.503 4.775 12.079 2.4 FFD678FF 1
L 4.775 12.079 4.218 11.568 2.4 FFD678FF 1
L 4.218 11.568 3.74 10.983 2.4 FFD678FF 1
L 3.74 10.983 3.353 10.334 2.4 FFD678FF 1
L 3.353 10.334 3.064 9.636 2.4 FFD678FF 1
L 3.064 9.636 2.879 8.903 2.4 FFD678FF 1
L 2.879 8.903 2.802 8.151 2.4 FFD678FF 1
L 2.802 8.151 2.835 7.396 2.4 FFD678FF 1
L 2.835 7.396 2.977 6.654 2.4 FFD678FF 1
L 2.977 6.654 3.225 5.94 2.4 FFD678FF 1
L 3.225 5.94 3.574 5.27 2.4 FFD678FF 1
L 3.574 5.27 4.017 4.658 2.4 FFD678FF 1
icon spinner-8 16 16
G 8 8 5.2 2.2 B28E6696
L 3.497 10.6 3.167 9.92 2.4 FFD678FF 1
L 3.167 9.92 2.94 9.199 2.4 FFD678FF 1
L 2.94 9.199 2.82 8.453 2.4 FFD678FF 1
L 2.82 8.453 2.809 7.698 2.4 FFD678FF 1
L 2.809 7.698 2.907 6.948 2.4 FFD678FF 1
L 2.907 6.948 3.114 6.221 2.4 FFD678FF 1
L 3.114 6.221 3.423 5.532 2.4 FFD678FF 1
L 3.423 5.532 3.829 4.895 2.4 FFD678FF 1
L 3.829 4.895 4.323 4.323 2.4 FFD678FF 1
L 4.323 4.323 4.895 3.829 2.4 FFD678FF 1
L 4.895 3.829 5.532 3.423 2.4 FFD678FF 1
L 5.532 3.423 6.221 3.114 2.4 FFD678FF 1
icon spinner-9 16 16
G 8 8 5.2 2.2 B28E6696
L 2.8 8 2.855 7.246 2.4 FFD678FF 1
L 2.855 7.246 3.018 6.509 2.4 FFD678FF 1
L 3.018 6.509 3.287 5.802 2.4 FFD678FF 1
L 3.287 5.802 3.655 5.143 2.4 FFD678FF 1
L 3.655 5.143 4.115 4.543 2.4 FFD678FF 1
L 4.115 4.543 4.658 4.017 2.4 FFD678FF 1
L 4.658 4.017 5.27 3.574 2.4 FFD678FF 1
L 5.27 3.574 5.94 3.225 2.4 FFD678FF 1
L 5.94 3.225 6.654 2.977 2.4 FFD678FF 1
L 6.654 2.977 7.396 2.835 2.4 FFD678FF 1
L 7.396 2.835 8.151 2.802 2.4 FFD678FF 1
L 8.151 2.802 8.903 2.879 2.4 FFD678FF 1
icon spinner-10 16 16
G 8 8 5.2 2.2 B28E6696
L 3.497 5.4 3.921 4.775 2.4 FFD678FF 1
L 3.921 4.775 4.432 4.218 2.4 FFD678FF 1
L 4.432 4.218 5.017 3.74 2.4 FFD678FF 1
L 5.017 3.74 5.666 3.353 2.4 FFD678FF 1
L 5.666 3.353 6.364 3.064 2.4 FFD678FF 1
L 6.364 3.064 7.097 2.879 2.4 FFD678FF 1
L 7.097 2.879 7.849 2.802 2.4 FFD678FF 1
L 7.849 2.802 8.604 2.835 2.4 FFD678FF 1
L 8.604 2.835 9.346 2.977 2.4 FFD678FF 1
L 9.346 2.977 10.06 3.225 2.4 FFD678FF 1
L 10.06 3.225 10.73 3.574 2.4 FFD678FF 1
L 10.73 3.574 11.342 4.017 2.4 FFD678FF 1
icon spinner-11 16 16
G 8 8 5.2 2.2 B28E6696
L 5.4 3.497 6.08 3.167 2.4 FFD678FF 1
L 6.08 3.167 6.801 2.94 2.4 FFD678FF 1
L 6.801 2.94 7.547 2.82 2.4 FFD678FF 1
L 7.547 2.82 8.302 2.809 2.4 FFD678FF 1
L 8.302 2.809 9.052 2.907 2.4 FFD678FF 1
L 9.052 2.907 9.779 3.114 2.4 FFD678FF 1
L 9.779 3.114 10.468 3.423 2.4 FFD678FF 1
L 10.468 3.423 11.105 3.829 2.4 FFD678FF 1
L 11.105 3.829 11.677 4.323 2.4 FFD678FF 1
L 11.677 4.323 12.171 4.895 2.4 FFD678FF 1
L 12.171 4.895 12.577 5.532 2.4 FFD678FF 1
L 12.577 5.532 12.886 6.221 2.4 FFD678FF 1
icon clock 16 16
G 8 8 5.6 1.8 FAE4B4FF
L 8 8 8 4.6 1.7 FAE4B4FF 1
L 8 8 10.6 9.4 1.7 FAE4B4FF 1
icon bolt 16 16
P FFCD64FF 10.4 1.4 3 9.4 7.2 9.4 5.6 14.6 13 6.4 8.8 6.4
icon bolt-critical 16 16
P E2402CFF 10.4 1.4 3 9.4 7.2 9.4 5.6 14.6 13 6.4 8.8 6.4
icon coin 16 16
C 8 8 6.3 FFCD64FF - 1
L 9.597 5.819 9.498 5.596 1.3 683816FF 1
L 9.498 5.596 9.368 5.391 1.3 683816FF 1
L 9.368 5.391 9.21 5.205 1.3 683816FF 1
L 9.21 5.205 9.026 5.045 1.3 683816FF 1
L 9.026 5.045 8.822 4.912 1.3 683816FF 1
L 8.822 4.912 8.601 4.81 1.3 683816FF 1
L 8.601 4.81 8.368 4.74 1.3 683816FF 1
L 8.368 4.74 8.127 4.705 1.3 683816FF 1
L 8.127 4.705 7.884 4.704 1.3 683816FF 1
L 7.884 4.704 7.642 4.738 1.3 683816FF 1
L 7.642 4.738 7.409 4.806 1.3 683816FF 1
L 7.409 4.806 7.187 4.907 1.3 683816FF 1
L 7.187 4.907 6.982 5.039 1.3 683816FF 1
L 6.982 5.039 6.798 5.198 1.3 683816FF 1
L 6.798 5.198 6.639 5.382 1.3 683816FF 1
L 6.639 5.382 6.507 5.587 1.3 683816FF 1
L 6.507 5.587 6.406 5.809 1.3 683816FF 1
L 6.406 5.809 6.338 6.042 1.3 683816FF 1
L 6.338 6.042 6.304 6.284 1.3 683816FF 1
L 6.304 6.284 6.305 6.527 1.3 683816FF 1
L 6.305 6.527 6.34 6.768 1.3 683816FF 1
L 6.34 6.768 6.41 7.001 1.3 683816FF 1
L 6.41 7.001 6.512 7.222 1.3 683816FF 1
L 6.512 7.222 6.645 7.426 1.3 683816FF 1
L 6.645 7.426 6.805 7.61 1.3 683816FF 1
L 6.805 7.61 6.991 7.768 1.3 683816FF 1
L 6.991 7.768 7.196 7.898 1.3 683816FF 1
L 7.196 7.898 7.419 7.997 1.3 683816FF 1
L 8.581 8.003 8.804 8.102 1.3 683816FF 1
L 8.804 8.102 9.009 8.232 1.3 683816FF 1
L 9.009 8.232 9.195 8.39 1.3 683816FF 1
L 9.195 8.39 9.355 8.574 1.3 683816FF 1
L 9.355 8.574 9.488 8.778 1.3 683816FF 1
L 9.488 8.778 9.59 8.999 1.3 683816FF 1
L 9.59 8.999 9.66 9.232 1.3 683816FF 1
L 9.66 9.232 9.695 9.473 1.3 683816FF 1
L 9.695 9.473 9.696 9.716 1.3 683816FF 1
L 9.696 9.716 9.662 9.958 1.3 683816FF 1
L 9.662 9.958 9.594 10.191 1.3 683816FF 1
L 9.594 10.191 9.493 10.413 1.3 683816FF 1
L 9.493 10.413 9.361 10.618 1.3 683816FF 1
L 9.361 10.618 9.202 10.802 1.3 683816FF 1
L 9.202 10.802 9.018 10.961 1.3 683816FF 1
L 9.018 10.961 8.813 11.093 1.3 683816FF 1
L 8.813 11.093 8.591 11.194 1.3 683816FF 1
L 8.591 11.194 8.358 11.262 1.3 683816FF 1
L 8.358 11.262 8.116 11.296 1.3 683816FF 1
L 8.116 11.296 7.873 11.295 1.3 683816FF 1
L 7.873 11.295 7.632 11.26 1.3 683816FF 1
L 7.632 11.26 7.399 11.19 1.3 683816FF 1
L 7.399 11.19 7.178 11.088 1.3 683816FF 1
L 7.178 11.088 6.974 10.955 1.3 683816FF 1
L 6.974 10.955 6.79 10.795 1.3 683816FF 1
L 6.79 10.795 6.632 10.609 1.3 683816FF 1
L 6.632 10.609 6.502 10.404 1.3 683816FF 1
L 6.502 10.404 6.403 10.181 1.3 683816FF 1
L 8 3.4 8 12.6 1.1 683816FF 1
icon admin-registered 16 16
C 6.6 5.96 2.4 FFD678FF - 1
P FFD678FF 2.44 15 2.44 12.44 4.04 9.88 9.16 9.88 10.76 12.44 10.76 15
P FFCD64FF 12.6 1.2 13.335 3.089 15.358 3.204 13.789 4.486 14.305 6.446 12.6 5.35 10.895 6.446 11.411 4.486 9.842 3.204 11.865 3.089
icon admin-anonymous 16 16
C 6.6 5.96 2.4 B28E66FF - 1
P B28E66FF 2.44 15 2.44 12.44 4.04 9.88 9.16 9.88 10.76 12.44 10.76 15
P FFCD64FF 12.6 1.2 13.335 3.089 15.358 3.204 13.789 4.486 14.305 6.446 12.6 5.35 10.895 6.446 11.411 4.486 9.842 3.204 11.865 3.089
icon player-registered 16 16
C 8 4.63 2.7 FFD678FF - 1
P FFD678FF 3.32 14.8 3.32 11.92 5.12 9.04 10.88 9.04 12.68 11.92 12.68 14.8
icon player-anonymous 16 16
C 8 4.63 2.7 B28E66FF - 1
P B28E66FF 3.32 14.8 3.32 11.92 5.12 9.04 10.88 9.04 12.68 11.92 12.68 14.8
icon bot 16 16
L 8 4.6 8 2.6 1.6 E8C48AFF 1
C 8 2.4 1.3 E8C48AFF - 1
B 1.6 7.6 1.6 3.6 E8C48AFF
B 12.8 7.6 1.6 3.6 E8C48AFF
R 3.2 4.6 9.6 9 2 - - - - E8C48AFF - 1
C 6 8.4 1.35 2E160CFF - 1
C 10 8.4 1.35 2E160CFF - 1
B 5.6 11 4.8 1.2 2E160CFF
icon select 16 16
P FAE4B4FF 4 1.6 4 13.2 6.9 10.6 8.8 14.6 10.9 13.6 9 9.7 12.7 9.5
icon tiles 16 16
R 2 2 5.4 5.4 1 - - - - E8C48AFF - 1
R 2 8.6 5.4 5.4 1 - - - - E8C48AFF - 1
R 8.6 2 5.4 5.4 1 - - - - E8C48AFF - 1
R 8.6 8.6 5.4 5.4 1 - - - - E8C48AFF - 1
icon overlays 16 16
P FAE4B4FF 8 1.8 14 4.8 8 7.8 2 4.8
L 2.2 8 8 10.9 1.7 E8C48AFF 1
L 8 10.9 13.8 8 1.7 E8C48AFF 1
L 2.2 11 8 13.9 1.7 E8C48AFF 1
L 8 13.9 13.8 11 1.7 E8C48AFF 1
icon actors 16 16
P E8C48AFF 8 2 14.4 8 12.4 8 12.4 14 3.6 14 3.6 8 1.6 8
B 6.8 9.8 2.4 4.2 2E160CFF
icon tools 16 16
L 10.6 5.4 3.4 12.6 2.6 E8C48AFF 1
L 13.1 5.4 13.075 5.756 2.3 E8C48AFF 1
L 13.075 5.756 12.999 6.104 2.3 E8C48AFF 1
L 12.999 6.104 12.874 6.439 2.3 E8C48AFF 1
L 12.874 6.439 12.703 6.752 2.3 E8C48AFF 1
L 12.703 6.752 12.489 7.037 2.3 E8C48AFF 1
L 12.489 7.037 12.237 7.289 2.3 E8C48AFF 1
L 12.237 7.289 11.952 7.503 2.3 E8C48AFF 1
L 11.952 7.503 11.639 7.674 2.3 E8C48AFF 1
L 11.639 7.674 11.304 7.799 2.3 E8C48AFF 1
L 11.304 7.799 10.956 7.875 2.3 E8C48AFF 1
L 10.956 7.875 10.6 7.9 2.3 E8C48AFF 1
L 10.6 7.9 10.244 7.875 2.3 E8C48AFF 1
L 10.244 7.875 9.896 7.799 2.3 E8C48AFF 1
L 9.896 7.799 9.561 7.674 2.3 E8C48AFF 1
L 9.561 7.674 9.248 7.503 2.3 E8C48AFF 1
L 9.248 7.503 8.963 7.289 2.3 E8C48AFF 1
L 8.963 7.289 8.711 7.037 2.3 E8C48AFF 1
L 8.711 7.037 8.497 6.752 2.3 E8C48AFF 1
L 8.497 6.752 8.326 6.439 2.3 E8C48AFF 1
L 8.326 6.439 8.201 6.104 2.3 E8C48AFF 1
L 8.201 6.104 8.125 5.756 2.3 E8C48AFF 1
L 8.125 5.756 8.1 5.4 2.3 E8C48AFF 1
L 8.1 5.4 8.125 5.044 2.3 E8C48AFF 1
L 8.125 5.044 8.201 4.696 2.3 E8C48AFF 1
L 8.201 4.696 8.326 4.361 2.3 E8C48AFF 1
L 8.326 4.361 8.497 4.048 2.3 E8C48AFF 1
L 8.497 4.048 8.711 3.763 2.3 E8C48AFF 1
L 8.711 3.763 8.963 3.511 2.3 E8C48AFF 1
L 8.963 3.511 9.248 3.297 2.3 E8C48AFF 1
L 9.248 3.297 9.561 3.126 2.3 E8C48AFF 1
L 9.561 3.126 9.896 3.001 2.3 E8C48AFF 1
L 9.896 3.001 10.244 2.925 2.3 E8C48AFF 1
L 10.244 2.925 10.6 2.9 2.3 E8C48AFF 1
icon history 16 16
L 4.34 5.217 4.799 4.652 1.8 FAE4B4FF 1
L 4.799 4.652 5.331 4.156 1.8 FAE4B4FF 1
L 5.331 4.156 5.928 3.739 1.8 FAE4B4FF 1
L 5.928 3.739 6.577 3.41 1.8 FAE4B4FF 1
L 6.577 3.41 7.266 3.174 1.8 FAE4B4FF 1
L 7.266 3.174 7.981 3.037 1.8 FAE4B4FF 1
L 7.981 3.037 8.707 3.001 1.8 FAE4B4FF 1
L 8.707 3.001 9.432 3.067 1.8 FAE4B4FF 1
L 9.432 3.067 10.141 3.234 1.8 FAE4B4FF 1
L 10.141 3.234 10.819 3.497 1.8 FAE4B4FF 1
L 10.819 3.497 11.454 3.853 1.8 FAE4B4FF 1
L 11.454 3.853 12.033 4.294 1.8 FAE4B4FF 1
L 12.033 4.294 12.545 4.812 1.8 FAE4B4FF 1
L 12.545 4.812 12.979 5.396 1.8 FAE4B4FF 1
L 12.979 5.396 13.328 6.035 1.8 FAE4B4FF 1
L 13.328 6.035 13.584 6.716 1.8 FAE4B4FF 1
L 13.584 6.716 13.742 7.427 1.8 FAE4B4FF 1
L 13.742 7.427 13.8 8.152 1.8 FAE4B4FF 1
L 13.8 8.152 13.756 8.879 1.8 FAE4B4FF 1
L 13.756 8.879 13.61 9.592 1.8 FAE4B4FF 1
L 13.61 9.592 13.367 10.278 1.8 FAE4B4FF 1
L 13.367 10.278 13.03 10.923 1.8 FAE4B4FF 1
L 13.03 10.923 12.606 11.515 1.8 FAE4B4FF 1
L 12.606 11.515 12.104 12.042 1.8 FAE4B4FF 1
L 12.104 12.042 11.533 12.494 1.8 FAE4B4FF 1
L 11.533 12.494 10.905 12.861 1.8 FAE4B4FF 1
L 10.905 12.861 10.232 13.137 1.8 FAE4B4FF 1
L 10.232 13.137 9.526 13.317 1.8 FAE4B4FF 1
L 9.526 13.317 8.803 13.396 1.8 FAE4B4FF 1
L 8.803 13.396 8.075 13.373 1.8 FAE4B4FF 1
L 8.075 13.373 7.358 13.25 1.8 FAE4B4FF 1
L 7.358 13.25 6.665 13.027 1.8 FAE4B4FF 1
L 6.665 13.027 6.01 12.709 1.8 FAE4B4FF 1
L 6.01 12.709 5.406 12.304 1.8 FAE4B4FF 1
L 5.406 12.304 4.864 11.817 1.8 FAE4B4FF 1
L 4.864 11.817 4.396 11.26 1.8 FAE4B4FF 1
L 4.396 11.26 4.01 10.643 1.8 FAE4B4FF 1
L 4.01 10.643 3.714 9.979 1.8 FAE4B4FF 1
P FAE4B4FF 2.849 7.347 2.211 3.726 6.47 6.709
L 2.849 7.347 2.211 3.726 0.8 FAE4B4FF 1
L 2.211 3.726 6.47 6.709 0.8 FAE4B4FF 1
L 6.47 6.709 2.849 7.347 0.8 FAE4B4FF 1
L 8.6 8.2 8.6 5.4 1.6 FAE4B4FF 1
L 8.6 8.2 10.8 9.6 1.6 FAE4B4FF 1
icon erase 16 16
P E8C48AFF 5.701 6.081 10.226 1.555 14.045 5.374 9.519 9.899
P E28028FF 3.155 8.626 5.701 6.081 9.519 9.899 6.974 12.445
L 8.2 14.2 14 14.2 1.5 E8C48AFF 1
icon copy 16 16
P E8C48AFF 5.6 1.6 14 1.6 14 11.4 11.6 11.4 11.6 3.6 5.6 3.6
R 2 4.6 8.6 9.8 1 - - - - FAE4B4FF - 1
B 3.8 7.4 5 1.2 2E160CFF
B 3.8 10.4 5 1.2 2E160CFF
icon paste 16 16
R 2.6 2.8 10.8 11.8 1.4 - - - - C4782EFF - 1
B 4.4 5.6 7.2 7.6 FAE4B4FF
R 5.4 1.4 5.2 3.2 1 - - - - E8C48AFF - 1
B 5.6 8 4.8 1.1 2E160CFF
B 5.6 10.4 4.8 1.1 2E160CFF
icon undo 16 16
L 5.2 5.2 8.6 5.2 2 FAE4B4FF 1
L 8.6 5.2 9.169 5.241 2 FAE4B4FF 1
L 9.169 5.241 9.727 5.362 2 FAE4B4FF 1
L 9.727 5.362 10.262 5.561 2 FAE4B4FF 1
L 10.262 5.561 10.763 5.835 2 FAE4B4FF 1
L 10.763 5.835 11.219 6.177 2 FAE4B4FF 1
L 11.219 6.177 11.623 6.581 2 FAE4B4FF 1
L 11.623 6.581 11.965 7.037 2 FAE4B4FF 1
L 11.965 7.037 12.239 7.538 2 FAE4B4FF 1
L 12.239 7.538 12.438 8.073 2 FAE4B4FF 1
L 12.438 8.073 12.559 8.631 2 FAE4B4FF 1
L 12.559 8.631 12.6 9.2 2 FAE4B4FF 1
L 12.6 9.2 12.559 9.769 2 FAE4B4FF 1
L 12.559 9.769 12.438 10.327 2 FAE4B4FF 1
L 12.438 10.327 12.239 10.862 2 FAE4B4FF 1
L 12.239 10.862 11.965 11.363 2 FAE4B4FF 1
L 11.965 11.363 11.623 11.819 2 FAE4B4FF 1
L 11.623 11.819 11.219 12.223 2 FAE4B4FF 1
L 11.219 12.223 10.763 12.565 2 FAE4B4FF 1
L 10.763 12.565 10.262 12.839 2 FAE4B4FF 1
L 10.262 12.839 9.727 13.038 2 FAE4B4FF 1
L 9.727 13.038 9.169 13.159 2 FAE4B4FF 1
L 9.169 13.159 8.6 13.2 2 FAE4B4FF 1
L 8.6 13.2 5.4 13.2 2 FAE4B4FF 1
P FAE4B4FF 1.8 5.2 5.6 2 5.6 8.4
L 1.8 5.2 5.6 2 0.8 FAE4B4FF 1
L 5.6 2 5.6 8.4 0.8 FAE4B4FF 1
L 5.6 8.4 1.8 5.2 0.8 FAE4B4FF 1
icon redo 16 16
L 10.8 5.2 7.4 5.2 2 FAE4B4FF 1
L 7.4 5.2 6.831 5.241 2 FAE4B4FF 1
L 6.831 5.241 6.273 5.362 2 FAE4B4FF 1
L 6.273 5.362 5.738 5.561 2 FAE4B4FF 1
L 5.738 5.561 5.237 5.835 2 FAE4B4FF 1
L 5.237 5.835 4.781 6.177 2 FAE4B4FF 1
L 4.781 6.177 4.377 6.581 2 FAE4B4FF 1
L 4.377 6.581 4.035 7.037 2 FAE4B4FF 1
L 4.035 7.037 3.761 7.538 2 FAE4B4FF 1
L 3.761 7.538 3.562 8.073 2 FAE4B4FF 1
L 3.562 8.073 3.441 8.631 2 FAE4B4FF 1
L 3.441 8.631 3.4 9.2 2 FAE4B4FF 1
L 3.4 9.2 3.441 9.769 2 FAE4B4FF 1
L 3.441 9.769 3.562 10.327 2 FAE4B4FF 1
L 3.562 10.327 3.761 10.862 2 FAE4B4FF 1
L 3.761 10.862 4.035 11.363 2 FAE4B4FF 1
L 4.035 11.363 4.377 11.819 2 FAE4B4FF 1
L 4.377 11.819 4.781 12.223 2 FAE4B4FF 1
L 4.781 12.223 5.237 12.565 2 FAE4B4FF 1
L 5.237 12.565 5.738 12.839 2 FAE4B4FF 1
L 5.738 12.839 6.273 13.038 2 FAE4B4FF 1
L 6.273 13.038 6.831 13.159 2 FAE4B4FF 1
L 6.831 13.159 7.4 13.2 2 FAE4B4FF 1
L 7.4 13.2 10.6 13.2 2 FAE4B4FF 1
P FAE4B4FF 14.2 5.2 10.4 2 10.4 8.4
L 14.2 5.2 10.4 2 0.8 FAE4B4FF 1
L 10.4 2 10.4 8.4 0.8 FAE4B4FF 1
L 10.4 8.4 14.2 5.2 0.8 FAE4B4FF 1
icon spawn-claimed 22 22
C 11 11 8.6 FFCD64FF - 1
G 11 11 4.4 2 2E160CFF
icon spawn-unclaimed 22 22
G 11 11 7.6 2.6 E8C48AFF
C 11 11 1.8 E8C48AFF - 1
icon spawn-disabled 22 22
G 11 11 7.6 2.4 B28E66FF
L 5.8 16.2 16.2 5.8 2.4 B28E66FF 1
icon colorpicker 22 22
G 11 11 8.2 2.2 E8C48AFF
icon flag-city 22 21
L 5 3 5 18.4 1.9 FFCD64FF 1
L 2.6 18.6 7.4 18.6 1.8 FFCD64FF 1
C 5 2.4 1.4 FFCD64FF - 1
P E2402CFF 6.2 3.4 10 2.4 14.4 4 19.6 3 19.6 13 14.4 14 10 12.4 6.2 13.4
B 9.4 8.2 2 3.4 FFCD64FF
B 11.8 5.6 2 6 FFCD64FF
B 14.2 7 2 4.6 FFCD64FF
B 16.4 9 2 2.6 FFCD64FF
icon flag-random 22 21
L 5 3 5 18.4 1.9 B28E66FF 1
L 2.6 18.6 7.4 18.6 1.8 B28E66FF 1
C 5 2.4 1.4 B28E66FF - 1
P E8C48AFF 6.2 3.4 10 2.4 14.4 4 19.6 3 19.6 13 14.4 14 10 12.4 6.2 13.4
L 10.8 6.6 10.821 6.302 1.6 2E160CFF 1
L 10.821 6.302 10.884 6.011 1.6 2E160CFF 1
L 10.884 6.011 10.988 5.731 1.6 2E160CFF 1
L 10.988 5.731 11.131 5.469 1.6 2E160CFF 1
L 11.131 5.469 11.309 5.229 1.6 2E160CFF 1
L 11.309 5.229 11.519 5.018 1.6 2E160CFF 1
L 11.519 5.018 11.757 4.838 1.6 2E160CFF 1
L 11.757 4.838 12.019 4.694 1.6 2E160CFF 1
L 12.019 4.694 12.298 4.588 1.6 2E160CFF 1
L 12.298 4.588 12.589 4.523 1.6 2E160CFF 1
L 12.589 4.523 12.886 4.5 1.6 2E160CFF 1
L 12.886 4.5 13.184 4.519 1.6 2E160CFF 1
L 13.184 4.519 13.476 4.581 1.6 2E160CFF 1
L 13.476 4.581 13.757 4.683 1.6 2E160CFF 1
L 13.757 4.683 14.02 4.823 1.6 2E160CFF 1
L 14.02 4.823 14.26 5 1.6 2E160CFF 1
L 14.26 5 14.473 5.209 1.6 2E160CFF 1
L 14.473 5.209 14.655 5.446 1.6 2E160CFF 1
L 14.655 5.446 14.8 5.706 1.6 2E160CFF 1
L 14.8 5.706 14.908 5.985 1.6 2E160CFF 1
L 14.908 5.985 14.975 6.276 1.6 2E160CFF 1
L 14.975 6.276 15 6.573 1.6 2E160CFF 1
L 15 6.573 14.982 6.871 1.6 2E160CFF 1
L 14.982 6.871 14.923 7.163 1.6 2E160CFF 1
L 14.923 7.163 14.823 7.444 1.6 2E160CFF 1
L 14.823 7.444 14.684 7.708 1.6 2E160CFF 1
L 14.684 7.708 14.509 7.95 1.6 2E160CFF 1
L 14.5 8 12.9 9.2 1.6 2E160CFF 1
L 12.9 9.2 12.9 9.8 1.6 2E160CFF 1
C 12.9 11.8 0.95 2E160CFF - 1
icon flag-spectator 22 21
P E8C48AFF 2 10.5 3.5 8.844 5 7.3 6.5 5.975 8 4.957 9.5 4.318 11 4.1 12.5 4.318 14 4.957 15.5 5.975 17 7.3 18.5 8.844 20 10.5 18.5 12.156 17 13.7 15.5 15.025 14 16.043 12.5 16.682 11 16.9 9.5 16.682 8 16.043 6.5 15.025 5 13.7 3.5 12.156
C 11 10.5 4 8C4C18FF - 1
C 11 10.5 1.8 180B06FF - 1
C 12.4 9.1 0.9 FAE4B4FF - 1
icon lock 12 13
L 3.3 5.2 3.327 4.816 1.8 FFCD64FF 1
L 3.327 4.816 3.409 4.439 1.8 FFCD64FF 1
L 3.409 4.439 3.544 4.078 1.8 FFCD64FF 1
L 3.544 4.078 3.729 3.74 1.8 FFCD64FF 1
L 3.729 3.74 3.959 3.432 1.8 FFCD64FF 1
L 3.959 3.432 4.232 3.159 1.8 FFCD64FF 1
L 4.232 3.159 4.54 2.929 1.8 FFCD64FF 1
L 4.54 2.929 4.878 2.744 1.8 FFCD64FF 1
L 4.878 2.744 5.239 2.609 1.8 FFCD64FF 1
L 5.239 2.609 5.616 2.527 1.8 FFCD64FF 1
L 5.616 2.527 6 2.5 1.8 FFCD64FF 1
L 6 2.5 6.384 2.527 1.8 FFCD64FF 1
L 6.384 2.527 6.761 2.609 1.8 FFCD64FF 1
L 6.761 2.609 7.122 2.744 1.8 FFCD64FF 1
L 7.122 2.744 7.46 2.929 1.8 FFCD64FF 1
L 7.46 2.929 7.768 3.159 1.8 FFCD64FF 1
L 7.768 3.159 8.041 3.432 1.8 FFCD64FF 1
L 8.041 3.432 8.271 3.74 1.8 FFCD64FF 1
L 8.271 3.74 8.456 4.078 1.8 FFCD64FF 1
L 8.456 4.078 8.591 4.439 1.8 FFCD64FF 1
L 8.591 4.439 8.673 4.816 1.8 FFCD64FF 1
L 8.673 4.816 8.7 5.2 1.8 FFCD64FF 1
L 3.3 5.2 3.3 7 1.8 FFCD64FF 1
L 8.7 5.2 8.7 7 1.8 FFCD64FF 1
R 1.6 6.4 8.8 5.8 1.2 - - - - FFCD64FF - 1
C 6 8.6 1.05 2E160CFF - 1
B 5.5 8.8 1 2.1 2E160CFF
icon lock-disabled 12 13
L 3.3 5.2 3.327 4.816 1.8 B28E66FF 1
L 3.327 4.816 3.409 4.439 1.8 B28E66FF 1
L 3.409 4.439 3.544 4.078 1.8 B28E66FF 1
L 3.544 4.078 3.729 3.74 1.8 B28E66FF 1
L 3.729 3.74 3.959 3.432 1.8 B28E66FF 1
L 3.959 3.432 4.232 3.159 1.8 B28E66FF 1
L 4.232 3.159 4.54 2.929 1.8 B28E66FF 1
L 4.54 2.929 4.878 2.744 1.8 B28E66FF 1
L 4.878 2.744 5.239 2.609 1.8 B28E66FF 1
L 5.239 2.609 5.616 2.527 1.8 B28E66FF 1
L 5.616 2.527 6 2.5 1.8 B28E66FF 1
L 6 2.5 6.384 2.527 1.8 B28E66FF 1
L 6.384 2.527 6.761 2.609 1.8 B28E66FF 1
L 6.761 2.609 7.122 2.744 1.8 B28E66FF 1
L 7.122 2.744 7.46 2.929 1.8 B28E66FF 1
L 7.46 2.929 7.768 3.159 1.8 B28E66FF 1
L 7.768 3.159 8.041 3.432 1.8 B28E66FF 1
L 8.041 3.432 8.271 3.74 1.8 B28E66FF 1
L 8.271 3.74 8.456 4.078 1.8 B28E66FF 1
L 8.456 4.078 8.591 4.439 1.8 B28E66FF 1
L 8.591 4.439 8.673 4.816 1.8 B28E66FF 1
L 8.673 4.816 8.7 5.2 1.8 B28E66FF 1
L 3.3 5.2 3.3 7 1.8 B28E66FF 1
L 8.7 5.2 8.7 7 1.8 B28E66FF 1
R 1.6 6.4 8.8 5.8 1.2 - - - - B28E66FF - 1
C 6 8.6 1.05 2E160CFF - 1
B 5.5 8.8 1 2.1 2E160CFF
icon key 12 13
G 6 4 2.3 1.9 FFCD64FF
L 6 6.3 6 11.6 1.9 FFCD64FF 1
L 6 9.2 8.6 9.2 1.7 FFCD64FF 1
L 6 11.4 8.6 11.4 1.7 FFCD64FF 1
icon key-disabled 12 13
G 6 4 2.3 1.9 B28E66FF
L 6 6.3 6 11.6 1.9 B28E66FF 1
L 6 9.2 8.6 9.2 1.7 B28E66FF 1
L 6 11.4 8.6 11.4 1.7 B28E66FF 1
icon kick 11 11
L 2.6 2.6 8.4 8.4 2.4 E2402CFF 1
L 8.4 2.6 2.6 8.4 2.4 E2402CFF 1
icon admin-tiny 6 5
P FFCD64FF 3 0 3.676 1.82 5.615 1.9 4.094 3.105 4.616 4.975 3 3.9 1.384 4.975 1.906 3.105 0.385 1.9 2.324 1.82
icon hue-marker 7 15
B 2.7 2 1.6 11 FAE4B4FF
P FAE4B4FF 0.6 0.6 6.4 0.6 3.5 3.8
P FAE4B4FF 0.6 14.4 6.4 14.4 3.5 11.2
icon muted-indicator 26 24
P FAE4B4FF 3.4 9.3 6.7 9.3 11.2 4.8 11.2 19.2 6.7 14.7 3.4 14.7
L 3.4 9.3 6.7 9.3 1.5 FAE4B4FF 1
L 6.7 9.3 11.2 4.8 1.5 FAE4B4FF 1
L 11.2 4.8 11.2 19.2 1.5 FAE4B4FF 1
L 11.2 19.2 6.7 14.7 1.5 FAE4B4FF 1
L 6.7 14.7 3.4 14.7 1.5 FAE4B4FF 1
L 3.4 14.7 3.4 9.3 1.5 FAE4B4FF 1
L 16 8.7 22 15.3 2.85 E2402CFF 1
L 22 8.7 16 15.3 2.85 E2402CFF 1
